2827
2828
2830
2831
2860
2861
2891
2917
2918
2919
2920
2921
2929
2947
2948
2949
2950
2951
2974
2976
2978
2979
2980
3007
3008
3009
3010
3011
3036
3037
3038
3039
3040
3041
3062
3063
3064
3065
3066
3067
3068
3069
3070
3071
3096
3097
3098
3099
3100
3101
3121
3122
3123
3124
3125
3126
3127
3128
3129
3130
3131
3149
3151
3152
3153
3154
3155
3156
3157
3158
3159
3160
3161
3181
3182
3183
3184
3185
3186
3187
3188
3189
3190
3191
3208
3209
3210
3211
3212
3213
3214
3215
3216
3217
3218
3219
3220
3969
3970
3997
3999
4056
4057
4058
4059
4060
